4.432985313285457002e-03
4.471169697980041484e-03
4.509354082674626833e-03
4.547538467369211315e-03
4.585722852063796665e-03
4.623907236758381147e-03
4.662091621452966496e-03
4.700276006147550978e-03
4.738460390842136327e-03
4.776644775536720809e-03
4.814829160231306159e-03
4.853013544925890640e-03
4.891197929620475990e-03
4.929382314315060472e-03
4.967566699009645821e-03
5.005751083704230303e-03
5.043935468398815652e-03
5.082119853093400134e-03
5.120304237787985484e-03
5.158488622482569966e-03
5.196673007177155315e-03
5.234857391871739797e-03
5.273041776566325146e-03
5.311226161260909628e-03
5.349410545955494978e-03
5.387594930650079460e-03
5.425779315344664809e-03
5.463963700039249291e-03
5.502148084733834640e-03
5.540332469428419122e-03
5.578516854123004472e-03
5.616701238817588954e-03
5.654885623512174303e-03
5.693070008206758785e-03
5.731254392901344134e-03
5.769438777595928616e-03
5.807623162290513966e-03
5.845807546985098448e-03
5.883991931679683797e-03
5.922176316374268279e-03
5.960360701068853628e-03
5.998545085763438110e-03
6.036729470458023460e-03
6.074913855152607942e-03
6.113098239847193291e-03
6.151282624541777773e-03
6.189467009236363122e-03
6.227651393930947604e-03
6.265835778625532954e-03
6.304020163320117436e-03
6.342204548014701918e-03
6.380388932709287267e-03
6.418573317403872616e-03
6.456757702098457098e-03
6.494942086793041580e-03
6.533126471487626930e-03
6.571310856182212279e-03
6.609495240876796761e-03
6.647679625571381243e-03
6.685864010265966592e-03
6.724048394960551941e-03
6.762232779655136423e-03
6.800417164349720905e-03
6.838601549044306255e-03
6.876785933738891604e-03
6.914970318433476086e-03
6.953154703128060568e-03
6.991339087822645917e-03
7.029523472517231267e-03
7.067707857211815749e-03
7.105892241906400231e-03
7.144076626600985580e-03
7.182261011295570929e-03
7.220445395990155411e-03
7.258629780684739893e-03
7.296814165379325243e-03
7.334998550073910592e-03
7.373182934768495074e-03
7.411367319463079556e-03
7.449551704157664905e-03
7.487736088852250255e-03
7.525920473546834737e-03
7.564104858241419219e-03
7.602289242936004568e-03
7.640473627630589917e-03
7.678658012325174399e-03
7.716842397019758881e-03
7.755026781714344231e-03
7.793211166408929580e-03
7.831395551103514929e-03
7.869579935798098544e-03
7.907764320492683893e-03
7.945948705187269243e-03
7.984133089881852857e-03
8.022317474576438207e-03
8.060501859271023556e-03
8.098686243965608905e-03
8.136870628660192520e-03
8.175055013354777869e-03
8.213239398049363219e-03
8.251423782743946833e-03
8.289608167438532182e-03
8.327792552133117532e-03
8.365976936827702881e-03
8.404161321522288230e-03
8.442345706216873580e-03
8.480530090911457194e-03
8.518714475606042544e-03
8.556898860300626158e-03
8.595083244995211508e-03
8.633267629689796857e-03
8.671452014384382206e-03
8.709636399078967556e-03
8.747820783773552905e-03
8.786005168468136520e-03
8.824189553162721869e-03
8.862373937857305484e-03
8.900558322551890833e-03
8.938742707246476182e-03
8.976927091941061532e-03
9.015111476635646881e-03
9.053295861330232230e-03
9.091480246024815845e-03
9.129664630719401194e-03
9.167849015413984809e-03
9.206033400108570158e-03
9.244217784803155508e-03
9.282402169497740857e-03
9.320586554192326206e-03
9.358770938886909821e-03
9.396955323581495170e-03
9.435139708276078785e-03
9.473324092970664134e-03
9.511508477665249484e-03
9.549692862359834833e-03
9.587877247054420182e-03
9.626061631749005532e-03
9.664246016443589146e-03
9.702430401138174496e-03
9.740614785832758110e-03
9.778799170527343460e-03
9.816983555221928809e-03
9.855167939916514158e-03
9.893352324611099508e-03
9.931536709305684857e-03
9.969721094000268471e-03
1.000790547869485382e-02
1.004608986338943744e-02
1.008427424808402278e-02
1.012245863277860813e-02
1.016064301747319348e-02
1.019882740216777883e-02
1.023701178686236418e-02
1.027519617155694780e-02
1.031338055625153315e-02
1.035156494094611676e-02
1.038974932564070211e-02
1.042793371033528746e-02
1.046611809502987281e-02
1.050430247972445816e-02
1.054248686441904351e-02
1.058067124911362712e-02
1.061885563380821247e-02
1.065704001850279609e-02
1.069522440319738144e-02
1.073340878789196678e-02
1.077159317258655213e-02
1.080977755728113748e-02
1.084796194197572283e-02
1.088614632667030645e-02
1.092433071136489180e-02
1.096251509605947541e-02
1.100069948075406076e-02
1.103888386544864611e-02
1.107706825014323146e-02
1.111525263483781681e-02
1.115343701953240216e-02
1.119162140422698577e-02
1.122980578892157112e-02
1.126799017361615474e-02
1.130617455831074009e-02
1.134435894300532544e-02
1.138254332769991078e-02
1.142072771239449613e-02
1.145891209708908148e-02
1.149709648178366510e-02
1.153528086647825045e-02
1.157346525117283406e-02
1.161164963586741941e-02
1.164983402056200476e-02
1.168801840525659011e-02
1.172620278995117546e-02
1.176438717464575907e-02
1.180257155934034442e-02
1.184075594403492804e-02
1.187894032872951339e-02
1.191712471342409874e-02
1.195530909811868409e-02
1.199349348281326944e-02
1.203167786750785478e-02
1.206986225220243840e-02
1.210804663689702375e-02
1.214623102159160736e-02
1.218441540628619271e-02
1.222259979098077806e-02
1.226078417567536341e-02
1.229896856036994876e-02
1.233715294506453237e-02
1.237533732975911772e-02
1.241352171445370307e-02
1.245170609914828842e-02
1.248989048384287204e-02
1.252807486853745739e-02
1.256625925323204274e-02
1.260444363792662809e-02
1.264262802262121170e-02
1.268081240731579705e-02
1.271899679201038240e-02
1.275718117670496775e-02
1.279536556139955136e-02
1.283354994609413671e-02
1.287173433078872206e-02
1.290991871548330741e-02
1.294810310017789103e-02
1.298628748487247637e-02
1.302447186956706172e-02
1.306265625426164707e-02
1.310084063895623069e-02
1.313902502365081604e-02
1.317720940834540139e-02
1.321539379303998674e-02
1.325357817773457035e-02
1.329176256242915570e-02
1.332994694712374105e-02
1.336813133181832640e-02
1.340631571651291001e-02
1.344450010120749536e-02
1.348268448590208071e-02
1.352086887059666606e-02
1.355905325529124968e-02
1.359723763998583503e-02
1.363542202468042037e-02
1.367360640937500572e-02
1.371179079406958934e-02
1.374997517876417469e-02
1.378815956345876004e-02
1.382634394815334539e-02
1.386452833284792900e-02
1.390271271754251435e-02
1.394089710223709970e-02
1.397908148693168505e-02
1.401726587162626866e-02
1.405545025632085401e-02
1.409363464101543936e-02
1.413181902571002471e-02
1.417000341040460833e-02
1.420818779509919368e-02
1.424637217979377903e-02
1.428455656448836264e-02
1.432274094918294799e-02
1.436092533387753334e-02
1.439910971857211869e-02
1.443729410326670230e-02
1.447547848796128765e-02
1.451366287265587300e-02
1.455184725735045835e-02
1.459003164204504197e-02
1.462821602673962731e-02
1.466640041143421266e-02
1.470458479612879801e-02
1.474276918082338163e-02
1.478095356551796698e-02
1.481913795021255233e-02
1.485732233490713768e-02
1.489550671960172129e-02
1.493369110429630664e-02
1.497187548899089199e-02
1.501005987368547734e-02
1.504824425838006095e-02
1.508642864307464630e-02
1.512461302776923165e-02
1.516279741246381700e-02
1.520098179715840062e-02
1.523916618185298597e-02
1.527735056654757131e-02
1.531553495124215666e-02
1.535371933593674028e-02
1.539190372063132563e-02
1.543008810532591098e-02
1.546827249002049633e-02
1.550645687471507994e-02
1.554464125940966529e-02
1.558282564410425064e-02
1.562101002879883599e-02
1.565919441349342134e-02
1.569737879818800669e-02
1.573556318288259204e-02
1.577374756757717739e-02
1.581193195227175927e-02
1.585011633696634462e-02
1.588830072166092996e-02
1.592648510635551531e-02
1.596466949105009719e-02
1.600285387574468254e-02
1.604103826043926789e-02
1.607922264513385324e-02
1.611740702982843859e-02
1.615559141452302394e-02
1.619377579921760929e-02
1.623196018391219464e-02
1.627014456860677999e-02
1.630832895330136534e-02
1.634651333799595069e-02
1.638469772269053604e-02
1.642288210738511792e-02
1.646106649207970327e-02
1.649925087677428862e-02
1.653743526146887396e-02
1.657561964616345584e-02
1.661380403085804119e-02
1.665198841555262654e-02
1.669017280024721189e-02
1.672835718494179724e-02
1.676654156963638259e-02
1.680472595433096794e-02
1.684291033902555329e-02
1.688109472372013864e-02
1.691927910841472399e-02
1.695746349310930934e-02
1.699564787780389122e-02
1.703383226249847657e-02
1.707201664719306192e-02
1.711020103188764727e-02
1.714838541658222915e-02
1.718656980127681450e-02
1.722475418597139984e-02
1.726293857066598519e-02
1.730112295536057054e-02
1.733930734005515589e-02
1.737749172474974124e-02
1.741567610944432659e-02
1.745386049413891194e-02
1.749204487883349729e-02
1.753022926352808264e-02
1.756841364822266799e-02
1.760659803291724987e-02
1.764478241761183522e-02
1.768296680230642057e-02
1.772115118700100592e-02
1.775933557169558780e-02
1.779751995639017315e-02
1.783570434108475850e-02
1.787388872577934384e-02
1.791207311047392919e-02
1.795025749516851454e-02
1.798844187986309989e-02
1.802662626455768524e-02
1.806481064925227059e-02
1.810299503394685594e-02
1.814117941864144129e-02
1.817936380333602664e-02
1.821754818803060852e-02
1.825573257272519387e-02
1.829391695741977922e-02
1.833210134211436457e-02
1.837028572680894645e-02
1.840847011150353180e-02
1.844665449619811715e-02
1.848483888089270250e-02
1.852302326558728784e-02
1.856120765028187319e-02
1.859939203497645854e-02
1.863757641967104389e-02
1.867576080436562924e-02
1.871394518906021459e-02
1.875212957375479994e-02
1.879031395844938529e-02
1.882849834314396717e-02
1.886668272783855252e-02
1.890486711253313787e-02
1.894305149722772322e-02
1.898123588192230510e-02
1.901942026661689045e-02
1.905760465131147580e-02
1.909578903600606115e-02
1.913397342070064649e-02
1.917215780539523184e-02
1.921034219008981719e-02
1.924852657478440254e-02
1.928671095947898789e-02
1.932489534417357324e-02
1.936307972886815859e-02
1.940126411356274047e-02
1.943944849825732582e-02
1.947763288295191117e-02
1.951581726764649652e-02
1.955400165234107840e-02
1.959218603703566375e-02
1.963037042173024910e-02
1.966855480642483445e-02
1.970673919111941980e-02
1.974492357581400515e-02
1.978310796050859049e-02
1.982129234520317584e-02
1.985947672989776119e-02
1.989766111459234654e-02
1.993584549928693189e-02
1.997402988398151724e-02
2.001221426867609912e-02
2.005039865337068447e-02
2.008858303806526982e-02
2.012676742275985517e-02
2.016495180745444052e-02
2.020313619214902587e-02
2.024132057684360775e-02
2.027950496153819310e-02
2.031768934623277845e-02
2.035587373092736380e-02
2.039405811562194915e-02
2.043224250031653449e-02
2.047042688501111984e-02
2.050861126970570519e-02
2.054679565440028707e-02
2.058498003909487242e-02
2.062316442378945777e-02
2.066134880848404312e-02
2.069953319317862847e-02
2.073771757787321382e-02
2.077590196256779917e-02
2.081408634726238452e-02
2.085227073195696640e-02
2.089045511665155175e-02
2.092863950134613710e-02
2.096682388604072245e-02
2.100500827073530780e-02
2.104319265542989315e-02
2.108137704012447849e-02
2.111956142481906384e-02
2.115774580951364572e-02
2.119593019420823107e-02
2.123411457890281642e-02
2.127229896359740177e-02
2.131048334829198712e-02
2.134866773298657247e-02
2.138685211768115782e-02
2.142503650237574317e-02
2.146322088707032505e-02
2.150140527176491040e-02
2.153958965645949575e-02
2.157777404115408110e-02
2.161595842584866645e-02
2.165414281054325180e-02
2.169232719523783715e-02
2.173051157993241903e-02
2.176869596462700437e-02
2.180688034932158972e-02
2.184506473401617507e-02
2.188324911871076042e-02
2.192143350340534577e-02
2.195961788809993112e-02
2.199780227279451647e-02
2.203598665748909835e-02
2.207417104218368370e-02
2.211235542687826905e-02
2.215053981157285440e-02
2.218872419626743975e-02
2.222690858096202510e-02
2.226509296565661045e-02
2.230327735035119580e-02
2.234146173504577768e-02
2.237964611974036302e-02
2.241783050443494837e-02
2.245601488912953372e-02
2.249419927382411907e-02
2.253238365851870442e-02
2.257056804321328977e-02
2.260875242790787512e-02
2.264693681260245700e-02
2.268512119729704235e-02
2.272330558199162770e-02
2.276148996668621305e-02
2.279967435138079840e-02
2.283785873607538375e-02
2.287604312076996910e-02
2.291422750546455445e-02
2.295241189015913633e-02
2.299059627485372168e-02
2.302878065954830702e-02
2.306696504424289237e-02
2.310514942893747772e-02
2.314333381363206307e-02
2.318151819832664842e-02
2.321970258302123377e-02
2.325788696771581565e-02
2.329607135241040100e-02
2.333425573710498635e-02
2.337244012179957170e-02
2.341062450649415705e-02
2.344880889118874240e-02
2.348699327588332775e-02
2.352517766057791310e-02
2.356336204527249498e-02
2.360154642996708033e-02
2.363973081466166568e-02
2.367791519935625102e-02
2.371609958405083637e-02
2.375428396874542172e-02
2.379246835344000707e-02
2.383065273813459242e-02
2.386883712282917430e-02
2.390702150752375965e-02
2.394520589221834500e-02
2.398339027691293035e-02
2.402157466160751570e-02
2.405975904630210105e-02
2.409794343099668640e-02
2.413612781569126828e-02
2.417431220038585363e-02
2.421249658508043898e-02
2.425068096977502433e-02
2.428886535446960968e-02
2.432704973916419502e-02
2.436523412385878037e-02
2.440341850855336572e-02
2.444160289324794760e-02
2.447978727794253295e-02
2.451797166263711830e-02
2.455615604733170365e-02
2.459434043202628900e-02
2.463252481672087435e-02
2.467070920141545970e-02
2.470889358611004505e-02
2.474707797080462693e-02
2.478526235549921228e-02
2.482344674019379763e-02
2.486163112488838298e-02
2.489981550958296833e-02
2.493799989427755368e-02
2.497618427897213902e-02
2.501436866366672437e-02
2.505255304836130625e-02
2.509073743305589160e-02
2.512892181775047695e-02
2.516710620244506230e-02
2.520529058713964765e-02
2.524347497183423300e-02
2.528165935652881835e-02
2.531984374122340370e-02
2.535802812591798558e-02
2.539621251061257093e-02
2.543439689530715628e-02
2.547258128000174163e-02
2.551076566469632698e-02
2.554895004939091233e-02
2.558713443408549768e-02
2.562531881878008302e-02
2.566350320347466490e-02
2.570168758816925025e-02
2.573987197286383560e-02
2.577805635755842095e-02
2.581624074225300630e-02
2.585442512694759165e-02
2.589260951164217700e-02
2.593079389633676235e-02
2.596897828103134423e-02
2.600716266572592958e-02
2.604534705042051493e-02
2.608353143511510028e-02
2.612171581980968563e-02
2.615990020450427098e-02
2.619808458919885633e-02
2.623626897389344167e-02
2.627445335858802355e-02
2.631263774328260890e-02
2.635082212797719425e-02
2.638900651267177960e-02
2.642719089736636495e-02
2.646537528206095030e-02
2.650355966675553565e-02
2.654174405145011753e-02
2.657992843614470288e-02
2.661811282083928823e-02
2.665629720553387358e-02
2.669448159022845893e-02
2.673266597492304428e-02
2.677085035961762963e-02
2.680903474431221498e-02
2.684721912900679686e-02
2.688540351370138221e-02
2.692358789839596755e-02
2.696177228309055290e-02
2.699995666778513825e-02
2.703814105247972360e-02
2.707632543717430895e-02
2.711450982186889430e-02
2.715269420656347618e-02
2.719087859125806153e-02
2.722906297595264688e-02
2.726724736064723223e-02
2.730543174534181758e-02
2.734361613003640293e-02
2.738180051473098828e-02
2.741998489942557363e-02
2.745816928412015551e-02
2.749635366881474086e-02
2.753453805350932621e-02
2.757272243820391155e-02
2.761090682289849690e-02
2.764909120759308225e-02
2.768727559228766760e-02
2.772545997698225295e-02
2.776364436167683483e-02
2.780182874637142018e-02
2.784001313106600553e-02
2.787819751576059088e-02
2.791638190045517623e-02
2.795456628514976158e-02
2.799275066984434693e-02
2.803093505453893228e-02
2.806911943923351416e-02
2.810730382392809951e-02
2.814548820862268486e-02
2.818367259331727021e-02
2.822185697801185555e-02
2.826004136270644090e-02
2.829822574740102625e-02
2.833641013209561160e-02
2.837459451679019348e-02
2.841277890148477883e-02
2.845096328617936418e-02
2.848914767087394953e-02
2.852733205556853488e-02
2.856551644026312023e-02
2.860370082495770558e-02
2.864188520965229093e-02
2.868006959434687281e-02
2.871825397904145816e-02
2.875643836373604351e-02
2.879462274843062886e-02
2.883280713312521421e-02
2.887099151781979955e-02
2.890917590251438490e-02
2.894736028720896678e-02
2.898554467190355213e-02
2.902372905659813748e-02
2.906191344129272283e-02
2.910009782598730818e-02
2.913828221068189353e-02
2.917646659537647888e-02
2.921465098007106423e-02
2.925283536476564611e-02
2.929101974946023146e-02
2.932920413415481681e-02
2.936738851884940216e-02
2.940557290354398751e-02
2.944375728823857286e-02
2.948194167293315820e-02
2.952012605762774355e-02
2.955831044232232543e-02
2.959649482701691078e-02
2.963467921171149613e-02
2.967286359640608148e-02
2.971104798110066683e-02
2.974923236579525218e-02
2.978741675048983753e-02
2.982560113518442288e-02
2.986378551987900476e-02
2.990196990457359011e-02
2.994015428926817546e-02
2.997833867396276081e-02
3.001652305865734616e-02
3.005470744335193151e-02
3.009289182804651686e-02
3.013107621274110220e-02
3.016926059743568408e-02
3.020744498213026943e-02
3.024562936682485478e-02
3.028381375151944013e-02
3.032199813621402548e-02
3.036018252090861083e-02
3.039836690560319618e-02
3.043655129029778153e-02
3.047473567499236341e-02
3.051292005968694876e-02
3.055110444438153411e-02
3.058928882907611946e-02
3.062747321377070481e-02
3.066565759846529016e-02
3.070384198315987551e-02
3.074202636785446086e-02
3.078021075254904274e-02
3.081839513724362808e-02
3.085657952193821343e-02
3.089476390663279878e-02
3.093294829132738413e-02
3.097113267602196948e-02
3.100931706071655483e-02
3.104750144541114018e-02
3.108568583010572206e-02
3.112387021480030741e-02
3.116205459949489276e-02
3.120023898418947811e-02
3.123842336888406346e-02
3.127660775357864881e-02
3.131479213827323416e-02
3.135297652296781257e-02
3.139116090766240486e-02
3.142934529235698327e-02
3.146752967705157555e-02
3.150571406174615396e-02
3.154389844644074625e-02
3.158208283113532466e-02
3.162026721582991695e-02
3.165845160052449536e-02
3.169663598521908071e-02
3.173482036991366606e-02
3.177300475460825141e-02
3.181118913930283676e-02
3.184937352399742211e-02
3.188755790869200746e-02
3.192574229338659281e-02
3.196392667808117816e-02
3.200211106277575657e-02
3.204029544747034886e-02
3.207847983216492727e-02
3.211666421685951955e-02
3.215484860155409796e-02
3.219303298624869025e-02
3.223121737094326866e-02
3.226940175563785401e-02
3.230758614033243936e-02
3.234577052502702471e-02
3.238395490972161006e-02
3.242213929441619541e-02
3.246032367911078076e-02
3.249850806380536611e-02
3.253669244849995146e-02
3.257487683319452987e-02
3.261306121788912216e-02
3.265124560258370057e-02
3.268942998727829286e-02
3.272761437197287127e-02
3.276579875666746355e-02
3.280398314136204196e-02
3.284216752605663425e-02
3.288035191075121266e-02
3.291853629544579801e-02
3.295672068014038336e-02
3.299490506483496871e-02
3.303308944952955406e-02
3.307127383422413941e-02
3.310945821891872476e-02
3.314764260361331011e-02
3.318582698830789546e-02
3.322401137300247387e-02
3.326219575769706616e-02
3.330038014239164457e-02
3.333856452708623685e-02
3.337674891178081527e-02
3.341493329647540755e-02
3.345311768116998596e-02
3.349130206586457131e-02
3.352948645055915666e-02
3.356767083525374201e-02
3.360585521994832736e-02
3.364403960464291271e-02
3.368222398933749806e-02
3.372040837403208341e-02
3.375859275872666876e-02
3.379677714342124717e-02
3.383496152811583946e-02
3.387314591281041787e-02
3.391133029750501016e-02
3.394951468219958857e-02
3.398769906689418085e-02
3.402588345158875927e-02
3.406406783628334461e-02
3.410225222097792996e-02
3.414043660567251531e-02
3.417862099036710066e-02
3.421680537506168601e-02
3.425498975975627136e-02
3.429317414445085671e-02
3.433135852914544206e-02
3.436954291384002047e-02
3.440772729853461276e-02
3.444591168322919117e-02
3.448409606792378346e-02
3.452228045261836187e-02
3.456046483731295416e-02
3.459864922200753257e-02
3.463683360670212485e-02
3.467501799139670327e-02
3.471320237609128861e-02
3.475138676078587396e-02
3.478957114548045931e-02
3.482775553017504466e-02
3.486593991486963001e-02
3.490412429956421536e-02
3.494230868425880071e-02
3.498049306895338606e-02
3.501867745364796447e-02
3.505686183834255676e-02
3.509504622303713517e-02
3.513323060773172746e-02
3.517141499242630587e-02
3.520959937712089816e-02
3.524778376181547657e-02
3.528596814651006192e-02
3.532415253120464727e-02
3.536233691589923261e-02
3.540052130059381796e-02
3.543870568528840331e-02
3.547689006998298866e-02
3.551507445467757401e-02
3.555325883937215936e-02
3.559144322406673777e-02
3.562962760876133006e-02
3.566781199345590847e-02
3.570599637815050076e-02
3.574418076284507917e-02
3.578236514753967146e-02
3.582054953223424987e-02
3.585873391692884216e-02
3.589691830162342057e-02
3.593510268631801285e-02
3.597328707101259126e-02
3.601147145570718355e-02
3.604965584040176196e-02
3.608784022509634037e-02
3.612602460979093266e-02
3.616420899448551107e-02
3.620239337918010336e-02
3.624057776387468177e-02
3.627876214856927406e-02
3.631694653326385247e-02
3.635513091795844476e-02
3.639331530265302317e-02
3.643149968734761546e-02
3.646968407204219387e-02
3.650786845673678616e-02
3.654605284143136457e-02
3.658423722612595685e-02
3.662242161082053526e-02
3.666060599551511368e-02
3.669879038020970596e-02
3.673697476490428437e-02
3.677515914959887666e-02
3.681334353429345507e-02
3.685152791898804736e-02
3.688971230368262577e-02
3.692789668837721806e-02
3.696608107307179647e-02
3.700426545776638876e-02
3.704244984246096717e-02
3.708063422715555946e-02
3.711881861185013787e-02
3.715700299654473016e-02
3.719518738123930857e-02
3.723337176593388698e-02
3.727155615062847926e-02
3.730974053532305768e-02
3.734792492001764996e-02
3.738610930471222837e-02
3.742429368940682066e-02
3.746247807410139907e-02
3.750066245879599136e-02
3.753884684349056977e-02
3.757703122818516206e-02
3.761521561287974047e-02
3.765339999757433276e-02
3.769158438226891117e-02
3.772976876696350346e-02
3.776795315165808187e-02
3.780613753635267416e-02
3.784432192104725257e-02
3.788250630574183098e-02
3.792069069043642326e-02
3.795887507513100168e-02
3.799705945982559396e-02
3.803524384452017237e-02
3.807342822921476466e-02
3.811161261390934307e-02
3.814979699860393536e-02
3.818798138329851377e-02
3.822616576799310606e-02
3.826435015268768447e-02
3.830253453738227676e-02
3.834071892207685517e-02
3.837890330677144746e-02
3.841708769146602587e-02
3.845527207616060428e-02
3.849345646085519657e-02
3.853164084554977498e-02
3.856982523024436726e-02
3.860800961493894568e-02
3.864619399963353796e-02
3.868437838432811637e-02
3.872256276902270866e-02
3.876074715371728707e-02
3.879893153841187936e-02
3.883711592310645777e-02
3.887530030780105006e-02
3.891348469249562847e-02
3.895166907719022076e-02
3.898985346188479917e-02
3.902803784657937758e-02
3.906622223127396987e-02
3.910440661596854828e-02
3.914259100066314057e-02
3.918077538535771898e-02
3.921895977005231126e-02
3.925714415474688967e-02
3.929532853944148196e-02
3.933351292413606037e-02
3.937169730883065266e-02
3.940988169352523107e-02
3.944806607821982336e-02
3.948625046291440177e-02
3.952443484760899406e-02
3.956261923230357247e-02
3.960080361699816476e-02
3.963898800169274317e-02
3.967717238638732158e-02
3.971535677108191387e-02
3.975354115577649228e-02
3.979172554047108457e-02
3.982990992516566298e-02
3.986809430986025526e-02
3.990627869455483367e-02
3.994446307924942596e-02
3.998264746394400437e-02
4.002083184863859666e-02
4.005901623333317507e-02
4.009720061802776736e-02
4.013538500272234577e-02
4.017356938741693806e-02
4.021175377211151647e-02
4.024993815680609488e-02
4.028812254150068717e-02
4.032630692619526558e-02
4.036449131088985787e-02
4.040267569558443628e-02
4.044086008027902857e-02
4.047904446497360698e-02
4.051722884966819926e-02
4.055541323436277767e-02
4.059359761905736996e-02
4.063178200375194837e-02
4.066996638844654066e-02
4.070815077314111907e-02
4.074633515783571136e-02
4.078451954253028977e-02
4.082270392722488206e-02
4.086088831191946047e-02
4.089907269661403888e-02
4.093725708130863117e-02
4.097544146600320958e-02
4.101362585069780187e-02
4.105181023539238028e-02
4.108999462008697257e-02
4.112817900478155098e-02
4.116636338947614326e-02
4.120454777417072167e-02
4.124273215886531396e-02
4.128091654355989237e-02
4.131910092825448466e-02
4.135728531294906307e-02
4.139546969764365536e-02
4.143365408233823377e-02
4.147183846703281218e-02
4.151002285172740447e-02
4.154820723642198288e-02
4.158639162111657517e-02
4.162457600581115358e-02
4.166276039050574587e-02
4.170094477520032428e-02
4.173912915989491657e-02
4.177731354458949498e-02
4.181549792928408726e-02
4.185368231397866567e-02
4.189186669867325796e-02
4.193005108336783637e-02
4.196823546806242866e-02
4.200641985275700707e-02
4.204460423745158548e-02
4.208278862214617777e-02
4.212097300684075618e-02
4.215915739153534847e-02
4.219734177622992688e-02
4.223552616092451917e-02
4.227371054561909758e-02
4.231189493031368987e-02
4.235007931500826828e-02
4.238826369970286057e-02
4.242644808439743898e-02
4.246463246909203126e-02
4.250281685378660967e-02
4.254100123848120196e-02
4.257918562317578037e-02
